Linux 6.4.15-200.fc38.x86_64 (workstation.packt.lab) 	09/19/23 	_x86_64_	(4 CPU)

00:00:00        CPU      %usr     %nice      %sys   %iowait    %steal      %irq     %soft    %guest    %gnice     %idle
00:10:00        all      0.02      0.00      0.04      0.02      0.00      0.05      0.03      0.00      0.00     99.85
00:10:00          0      0.01      0.00      0.04      0.01      0.00      0.05      0.01      0.00      0.00     99.88
00:10:00          1      0.01      0.00      0.04      0.00      0.00      0.04      0.07      0.00      0.00     99.84
00:10:00          2      0.03      0.00      0.04      0.01      0.00      0.04      0.01      0.00      0.00     99.88
00:10:00          3      0.03      0.00      0.06      0.05      0.00      0.06      0.03      0.00      0.00     99.78
00:20:00        all      0.02      0.00      0.04      0.01      0.00      0.04      0.03      0.00      0.00     99.86
00:20:00          0      0.01      0.00      0.04      0.01      0.00      0.05      0.01      0.00      0.00     99.88
00:20:00          1      0.01      0.00      0.05      0.00      0.00      0.03      0.07      0.00      0.00     99.84
00:20:00          2      0.02      0.00      0.02      0.00      0.00      0.04      0.01      0.00      0.00     99.90
00:20:00          3      0.03      0.00      0.06      0.01      0.00      0.05      0.02      0.00      0.00     99.82
00:30:00        all      0.01      0.03      0.04      0.01      0.01      0.04      0.03      0.00      0.00     99.83
00:30:00          0      0.01      0.11      0.05      0.01      0.01      0.05      0.01      0.00      0.00     99.74
00:30:00          1      0.00      0.00      0.03      0.00      0.01      0.03      0.06      0.00      0.00     99.86
00:30:00          2      0.01      0.00      0.02      0.00      0.01      0.05      0.02      0.00      0.00     99.89
00:30:00          3      0.03      0.00      0.05      0.02      0.02      0.05      0.01      0.00      0.00     99.83
00:40:00        all      0.01      0.00      0.04      0.00      0.00      0.04      0.03      0.00      0.00     99.87
00:40:00          0      0.02      0.00      0.04      0.00      0.00      0.05      0.01      0.00      0.00     99.88
00:40:00          1      0.01      0.00      0.04      0.00      0.00      0.03      0.07      0.00      0.00     99.85
00:40:00          2      0.02      0.00      0.02      0.00      0.00      0.04      0.02      0.00      0.00     99.89
00:40:00          3      0.02      0.00      0.04      0.01      0.01      0.05      0.02      0.00      0.00     99.85
Average:        all      0.02      0.01      0.04      0.01      0.00      0.04      0.03      0.00      0.00     99.85
Average:          0      0.01      0.03      0.04      0.01      0.00      0.05      0.01      0.00      0.00     99.85
Average:          1      0.01      0.00      0.04      0.00      0.00      0.03      0.06      0.00      0.00     99.85
Average:          2      0.02      0.00      0.03      0.00      0.00      0.04      0.02      0.00      0.00     99.89
Average:          3      0.03      0.00      0.05      0.02      0.01      0.05      0.02      0.00      0.00     99.82

00:00:00       proc/s   cswch/s
00:10:00         0.04    153.15
00:20:00         0.04    150.14
00:30:00         0.03    151.42
00:40:00         0.02    139.20
Average:         0.03    148.48

00:00:00     pswpin/s pswpout/s
00:10:00         0.00      0.00
00:20:00         0.00      0.00
00:30:00         0.00      0.00
00:40:00         0.00      0.00
Average:         0.00      0.00

00:00:00     pgpgin/s pgpgout/s   fault/s  majflt/s  pgfree/s pgscank/s pgscand/s pgsteal/s    %vmeff
00:10:00         1.88      6.43     12.72      0.00     10.17      0.00      0.00      0.00      0.00
00:20:00         0.00      4.59     10.35      0.00      6.86      0.00      0.00      0.00      0.00
00:30:00         0.00      5.07     81.54      0.00     68.46      0.00      0.00      0.00      0.00
00:40:00         0.00      2.30      5.88      0.00      4.02      0.00      0.00      0.00      0.00
Average:         0.47      4.60     27.62      0.00     22.38      0.00      0.00      0.00      0.00

00:00:00          tps      rtps      wtps      dtps   bread/s   bwrtn/s   bdscd/s
00:10:00         0.60      0.05      0.55      0.00      3.76     12.91      0.00
00:20:00         0.42      0.00      0.42      0.00      0.00      9.19      0.00
00:30:00         0.43      0.00      0.43      0.01      0.00     10.13      0.32
00:40:00         0.21      0.00      0.21      0.00      0.00      4.55      0.23
Average:         0.42      0.01      0.40      0.00      0.94      9.19      0.14

00:00:00    kbmemfree   kbavail kbmemused  %memused kbbuffers  kbcached  kbcommit   %commit  kbactive   kbinact   kbdirty  kbanonpg    kbslab  kbkstack   kbpgtbl  kbvmused
00:10:00      7401256   7660680    167420      2.06      2392    473812   1730652     10.34    166100    369076         0     59024     72664      5104      3260     49316
00:20:00      7399332   7659724    169376      2.09      2392    474780   1730652     10.34    166136    370048         0     59012     71664      5072      3264     49332
00:30:00      7407428   7668976    160164      1.97      2392    475936   1730652     10.34    166068    371204         0     59020     71624      5056      3264     49300
00:40:00      7405712   7667792    161388      1.99      2392    476468   1730652     10.34    166108    371736         0     59032     71584      5056      3264     49300
Average:      7403432   7664293    164587      2.03      2392    475249   1730652     10.34    166103    370516         0     59022     71884      5072      3263     49312

00:00:00    kbswpfree kbswpused  %swpused  kbswpcad   %swpcad
00:10:00      8616952         0      0.00         0      0.00
00:20:00      8616952         0      0.00         0      0.00
00:30:00      8616952         0      0.00         0      0.00
00:40:00      8616952         0      0.00         0      0.00
Average:      8616952         0      0.00         0      0.00

00:00:00    kbhugfree kbhugused  %hugused kbhugrsvd kbhugsurp
00:10:00            0         0      0.00         0         0
00:20:00            0         0      0.00         0         0
00:30:00            0         0      0.00         0         0
00:40:00            0         0      0.00         0         0
Average:            0         0      0.00         0         0

00:00:00    dentunusd   file-nr  inode-nr    pty-nr
00:10:00         8077      1056     26107         1
00:20:00         8077      1056     26149         1
00:30:00         8077      1088     26193         1
00:40:00         8077       992     26119         1
Average:         8077      1048     26142         1

00:00:00      runq-sz  plist-sz   ldavg-1   ldavg-5  ldavg-15   blocked
00:10:00            0       317      0.00      0.00      0.00         0
00:20:00            0       315      0.00      0.00      0.00         0
00:30:00            0       314      0.00      0.00      0.00         1
00:40:00            0       314      0.03      0.01      0.00         1
Average:            0       315      0.01      0.00      0.00         0

00:00:00          TTY   rcvin/s   xmtin/s framerr/s prtyerr/s     brk/s   ovrun/s
00:10:00            0      0.00      0.00      0.00      0.00      0.00      0.00
00:20:00            0      0.00      0.00      0.00      0.00      0.00      0.00
00:30:00            0      0.00      0.00      0.00      0.00      0.00      0.00
00:40:00            0      0.00      0.00      0.00      0.00      0.00      0.00
Average:            0      0.00      0.00      0.00      0.00      0.00      0.00

00:00:00          DEV       tps     rkB/s     wkB/s     dkB/s   areq-sz    aqu-sz     await     %util
00:10:00          sda      0.60      1.88      6.45      0.00     13.77      0.00      1.30      0.07
00:10:00          sdc      0.00      0.00      0.00      0.00      0.00      0.00      0.00      0.00
00:10:00          sdb      0.00      0.00      0.00      0.00      0.00      0.00      0.00      0.00
00:10:00        zram0      0.00      0.00      0.00      0.00      0.00      0.00      0.00      0.00
00:20:00          sda      0.42      0.00      4.59      0.00     10.94      0.00      0.72      0.03
00:20:00          sdc      0.00      0.00      0.00      0.00      0.00      0.00      0.00      0.00
00:20:00          sdb      0.00      0.00      0.00      0.00      0.00      0.00      0.00      0.00
00:20:00        zram0      0.00      0.00      0.00      0.00      0.00      0.00      0.00      0.00
00:30:00          sda      0.43      0.00      5.07      0.16     12.02      0.00      0.96      0.04
00:30:00          sdc      0.00      0.00      0.00      0.00      0.00      0.00      0.00      0.00
00:30:00          sdb      0.00      0.00      0.00      0.00      0.00      0.00      0.00      0.00
00:30:00        zram0      0.00      0.00      0.00      0.00      0.00      0.00      0.00      0.00
00:40:00          sda      0.21      0.00      2.27      0.11     11.37      0.00      1.01      0.02
00:40:00          sdc      0.00      0.00      0.00      0.00      0.00      0.00      0.00      0.00
00:40:00          sdb      0.00      0.00      0.00      0.00      0.00      0.00      0.00      0.00
00:40:00        zram0      0.00      0.00      0.00      0.00      0.00      0.00      0.00      0.00
Average:          sda      0.42      0.47      4.60      0.07     12.30      0.00      1.03      0.04
Average:          sdc      0.00      0.00      0.00      0.00      0.00      0.00      0.00      0.00
Average:          sdb      0.00      0.00      0.00      0.00      0.00      0.00      0.00      0.00
Average:        zram0      0.00      0.00      0.00      0.00      0.00      0.00      0.00      0.00

00:00:00        IFACE   rxpck/s   txpck/s    rxkB/s    txkB/s   rxcmp/s   txcmp/s  rxmcst/s   %ifutil
00:10:00           lo      0.04      0.04      0.01      0.01      0.00      0.00      0.00      0.00
00:10:00         eth0      0.27      0.16      0.03      0.03      0.00      0.00      0.00      0.00
00:20:00           lo      0.00      0.00      0.00      0.00      0.00      0.00      0.00      0.00
00:20:00         eth0      0.03      0.03      0.00      0.00      0.00      0.00      0.00      0.00
00:30:00           lo      0.00      0.00      0.00      0.00      0.00      0.00      0.00      0.00
00:30:00         eth0      0.23      0.16      0.19      0.02      0.00      0.00      0.00      0.00
00:40:00           lo      0.00      0.00      0.00      0.00      0.00      0.00      0.00      0.00
00:40:00         eth0      0.04      0.03      0.00      0.00      0.00      0.00      0.00      0.00
Average:           lo      0.01      0.01      0.00      0.00      0.00      0.00      0.00      0.00
Average:         eth0      0.14      0.09      0.06      0.01      0.00      0.00      0.00      0.00

00:00:00        IFACE   rxerr/s   txerr/s    coll/s  rxdrop/s  txdrop/s  txcarr/s  rxfram/s  rxfifo/s  txfifo/s
00:10:00           lo      0.00      0.00      0.00      0.00      0.00      0.00      0.00      0.00      0.00
00:10:00         eth0      0.00      0.00      0.00      0.00      0.00      0.00      0.00      0.00      0.00
00:20:00           lo      0.00      0.00      0.00      0.00      0.00      0.00      0.00      0.00      0.00
00:20:00         eth0      0.00      0.00      0.00      0.00      0.00      0.00      0.00      0.00      0.00
00:30:00           lo      0.00      0.00      0.00      0.00      0.00      0.00      0.00      0.00      0.00
00:30:00         eth0      0.00      0.00      0.00      0.00      0.00      0.00      0.00      0.00      0.00
00:40:00           lo      0.00      0.00      0.00      0.00      0.00      0.00      0.00      0.00      0.00
00:40:00         eth0      0.00      0.00      0.00      0.00      0.00      0.00      0.00      0.00      0.00
Average:           lo      0.00      0.00      0.00      0.00      0.00      0.00      0.00      0.00      0.00
Average:         eth0      0.00      0.00      0.00      0.00      0.00      0.00      0.00      0.00      0.00

00:00:00       call/s retrans/s    read/s   write/s  access/s  getatt/s
00:10:00         0.00      0.00      0.00      0.00      0.00      0.00
00:20:00         0.00      0.00      0.00      0.00      0.00      0.00
00:30:00         0.00      0.00      0.00      0.00      0.00      0.00
00:40:00         0.00      0.00      0.00      0.00      0.00      0.00
Average:         0.00      0.00      0.00      0.00      0.00      0.00

00:00:00      scall/s badcall/s  packet/s     udp/s     tcp/s     hit/s    miss/s   sread/s  swrite/s saccess/s sgetatt/s
00:10:00         0.00      0.00      0.00      0.00      0.00      0.00      0.00      0.00      0.00      0.00      0.00
00:20:00         0.00      0.00      0.00      0.00      0.00      0.00      0.00      0.00      0.00      0.00      0.00
00:30:00         0.00      0.00      0.00      0.00      0.00      0.00      0.00      0.00      0.00      0.00      0.00
00:40:00         0.00      0.00      0.00      0.00      0.00      0.00      0.00      0.00      0.00      0.00      0.00
Average:         0.00      0.00      0.00      0.00      0.00      0.00      0.00      0.00      0.00      0.00      0.00

00:00:00       totsck    tcpsck    udpsck    rawsck   ip-frag    tcp-tw
00:10:00          135         5         5         0         0         0
00:20:00          135         5         5         0         0         0
00:30:00          135         5         5         0         0         0
00:40:00          135         5         5         0         0         0
Average:          135         5         5         0         0         0

00:00:00        CPU   total/s   dropd/s squeezd/s  rx_rps/s flw_lim/s   blg_len
00:10:00        all      0.30      0.00      0.00      0.00      0.00         0
00:10:00          0      0.27      0.00      0.00      0.00      0.00         0
00:10:00          2      0.02      0.00      0.00      0.00      0.00         0
00:10:00          3      0.02      0.00      0.00      0.00      0.00         0
00:20:00        all      0.03      0.00      0.00      0.00      0.00         0
00:20:00          0      0.03      0.00      0.00      0.00      0.00         0
00:20:00          2      0.00      0.00      0.00      0.00      0.00         0
00:20:00          3      0.00      0.00      0.00      0.00      0.00         0
00:30:00        all      0.18      0.00      0.00      0.00      0.00         0
00:30:00          0      0.18      0.00      0.00      0.00      0.00         0
00:30:00          2      0.00      0.00      0.00      0.00      0.00         0
00:30:00          3      0.00      0.00      0.00      0.00      0.00         0
00:40:00        all      0.04      0.00      0.00      0.00      0.00         0
00:40:00          0      0.04      0.00      0.00      0.00      0.00         0
00:40:00          2      0.00      0.00      0.00      0.00      0.00         0
00:40:00          3      0.00      0.00      0.00      0.00      0.00         0
Average:        all      0.14      0.00      0.00      0.00      0.00         0
Average:          0      0.13      0.00      0.00      0.00      0.00         0
Average:          2      0.01      0.00      0.00      0.00      0.00         0
Average:          3      0.01      0.00      0.00      0.00      0.00         0

00:00:00     %scpu-10  %scpu-60 %scpu-300     %scpu
00:10:00         0.00      0.00      0.00      0.05
00:20:00         0.00      0.00      0.00      0.04
00:30:00         0.00      0.00      0.00      0.04
00:40:00         0.00      0.00      0.00      0.04
Average:         0.00      0.00      0.00      0.04

00:00:00      %sio-10   %sio-60  %sio-300      %sio   %fio-10   %fio-60  %fio-300      %fio
00:10:00         0.00      0.00      0.00      0.05      0.00      0.00      0.00      0.04
00:20:00         0.03      0.02      0.00      0.02      0.00      0.00      0.00      0.02
00:30:00         0.00      0.00      0.00      0.03      0.00      0.00      0.00      0.03
00:40:00         0.00      0.00      0.00      0.01      0.00      0.00      0.00      0.01
Average:         0.01      0.01      0.00      0.03      0.00      0.00      0.00      0.02

00:00:00     %smem-10  %smem-60 %smem-300     %smem  %fmem-10  %fmem-60 %fmem-300     %fmem
00:10:00         0.00      0.00      0.00      0.00      0.00      0.00      0.00      0.00
00:20:00         0.00      0.00      0.00      0.00      0.00      0.00      0.00      0.00
00:30:00         0.00      0.00      0.00      0.00      0.00      0.00      0.00      0.00
00:40:00         0.00      0.00      0.00      0.00      0.00      0.00      0.00      0.00
Average:         0.00      0.00      0.00      0.00      0.00      0.00      0.00      0.00
